4095 4095 0.0
4095 4095 0.017453292
4095 4095 0.034906585
4095 4095 0.05235988
4095 4095 0.06981317
4095 4095 0.08726646
4095 4095 0.10471976
4095 4095 0.12217305
4095 4095 0.13962634
4095 4095 0.15707964
4095 4095 0.17453292
4095 4095 0.19198622
4095 4095 0.20943952
4095 4095 0.2268928
4095 4095 0.2443461
4095 4095 0.2617994
4095 4095 0.27925268
4095 4095 0.29670596
4095 4095 0.31415927
4095 4095 0.33161256
4095 4095 0.34906584
4095 4095 0.36651915
4095 4095 0.38397244
4095 4095 0.40142572
4095 4095 0.41887903
4095 4095 0.43633232
4095 4095 0.4537856
4095 4095 0.4712389
4095 4095 0.4886922
4095 4095 0.5061455
4095 4095 0.5235988
4095 4095 0.54105204
4095 4095 0.55850536
4095 4095 0.57595867
4095 4095 0.5934119
4095 4095 0.61086524
4095 4095 0.62831855
4095 4095 0.6457718
4095 4095 0.6632251
4095 4095 0.6806784
4095 4095 0.6981317
4095 4095 0.715585
4095 4095 0.7330383
4095 4095 0.75049156
4095 4095 0.7679449
4095 4095 0.7853982
4095 4095 0.80285144
4095 4095 0.82030475
4095 4095 0.83775806
4095 4095 0.8552113
4095 4095 0.87266463
4095 4095 0.89011794
4095 4095 0.9075712
4095 4095 0.9250245
4095 4095 0.9424778
4095 4095 0.9599311
4095 4095 0.9773844
4095 4095 0.9948377
4095 4095 1.012291
4095 4095 1.0297443
4095 4095 1.0471976
4095 4095 1.0646509
4095 4095 1.0821041
4095 4095 1.0995574
4095 4095 1.1170107
4095 4095 1.134464
4095 4095 1.1519173
4095 4095 1.1693707
4095 4095 1.1868238
4095 4095 1.2042772
4095 4095 1.2217305
4095 4095 1.2391838
4095 4095 1.2566371
4095 4095 1.2740904
4095 4095 1.2915436
4095 4095 1.3089969
4095 4095 1.3264502
4095 4095 1.3439035
4095 4095 1.3613569
4095 4095 1.3788102
4095 4095 1.3962634
4095 4095 1.4137167
4095 4095 1.43117
4095 4095 1.4486233
4095 4095 1.4660766
4095 4095 1.4835298
4095 4095 1.5009831
4095 4095 1.5184364
4095 4095 1.5358897
4095 4095 1.553343
4095 4095 1.5707964
4095 4095 1.5882496
4095 4095 1.6057029
4095 4095 1.6231562
4095 4095 1.6406095
4095 4095 1.6580628
4095 4095 1.6755161
4095 4095 1.6929693
4095 4095 1.7104226
4095 4095 1.727876
4095 4095 1.7453293
4095 4095 1.7627826
4095 4095 1.7802359
4095 4095 1.7976891
4095 4095 1.8151424
4095 4095 1.8325957
4095 4095 1.850049
4095 4095 1.8675023
4095 4095 1.8849556
4095 4095 1.9024088
4095 4095 1.9198622
4095 4095 1.9373155
4095 4095 1.9547688
4095 4095 1.9722221
4095 4095 1.9896754
4095 4095 2.0071287
4095 4095 2.024582
4095 4095 2.0420353
4095 4095 2.0594885
4095 4095 2.0769417
4095 4095 2.0943952
4095 4095 2.1118484
4095 4095 2.1293018
4095 4095 2.146755
4095 4095 2.1642082
4095 4095 2.1816616
4095 4095 2.1991148
4095 4095 2.2165682
4095 4032 2.2340214
4095 4032 2.2514746
4095 4032 2.268928
4095 4032 2.2863812
4095 4032 2.3038347
4095 4032 2.3212879
4095 4032 2.3387413
4095 4032 2.3561945
4095 4032 2.3736477
4095 4032 2.3911011
4095 4032 2.4085543
4095 4032 2.4260077
4095 4032 2.443461
4095 4032 2.4609141
4095 4032 2.4783676
4095 4032 2.4958208
4095 4032 2.5132742
4095 4032 2.5307274
4095 4032 2.5481808
4095 4032 2.565634
4095 4032 2.5830872
4095 4032 2.6005406
4095 4032 2.6179938
4095 4032 2.6354473
4095 4032 2.6529005
4095 4032 2.6703537
4095 4095 2.687807
4095 4095 2.7052603
4095 4095 2.7227137
4095 4095 2.740167
4095 4095 2.7576203
4095 4095 2.7750735
4095 4095 2.7925267
4095 4095 2.8099802
4095 4095 2.8274333
4095 4095 2.8448868
4095 4095 2.86234
4095 4095 2.8797932
4095 4095 2.8972466
4095 4095 2.9146998
4095 4095 2.9321532
4095 4095 2.9496064
4095 4095 2.9670596
4095 4095 2.984513
4095 4095 3.0019662
4095 4095 3.0194197
4095 4095 3.0368729
4095 4095 3.0543263
4095 4095 3.0717795
4095 4095 3.0892327
4095 4095 3.106686
4095 4095 3.1241393
4095 4095 3.1415927
4095 4095 3.159046
4095 4095 3.1764991
4095 4095 3.1939526
4095 4095 3.2114058
4095 4095 3.2288592
4095 4095 3.2463124
4095 4095 3.2637658
4095 4095 3.281219
4095 4095 3.2986722
4095 4095 3.3161256
4095 4095 3.3335788
4095 4095 3.3510323
4095 4095 3.3684855
4095 4095 3.3859386
4095 4095 3.403392
4095 4095 3.4208453
4095 4095 3.4382987
4095 4095 3.455752
4095 4095 3.4732053
4095 4095 3.4906585
4095 4095 3.5081117
4095 4095 3.5255651
4095 4095 3.5430183
4095 4095 3.5604718
4095 4095 3.577925
4095 4095 3.5953782
4095 4095 3.6128316
4095 4095 3.6302848
4095 4095 3.6477382
4095 4095 3.6651914
4095 4095 3.6826446
4095 4095 3.700098
4095 4095 3.7175512
4095 4095 3.7350047
4095 4095 3.7524579
4095 4095 3.7699113
4095 4095 3.7873645
4095 4095 3.8048177
4095 4095 3.822271
4095 4095 3.8397243
4095 4095 3.8571777
4095 4095 3.874631
4095 4095 3.8920841
4095 4095 3.9095376
4095 4095 3.9269907
4095 4095 3.9444442
4095 4095 3.9618974
4095 4095 3.9793508
4095 4095 3.996804
4095 4095 4.0142574
4095 4095 4.0317106
4095 4095 4.049164
4095 4095 4.066617
4095 4095 4.0840707
4095 4095 4.101524
4095 4095 4.118977
4095 4095 4.1364303
4095 4095 4.1538835
4095 4095 4.171337
4095 4095 4.1887903
4095 4095 4.2062435
4095 4095 4.2236967
4095 4095 4.24115
4095 4095 4.2586036
4095 4095 4.276057
4095 4095 4.29351
4095 4095 4.310963
4095 4095 4.3284163
4095 4095 4.34587
4095 4095 4.363323
4095 4095 4.3807764
4095 4095 4.3982296
4095 4095 4.415683
4095 4095 4.4331365
4095 4095 4.4505897
4095 4095 4.468043
4095 4095 4.485496
4095 4095 4.502949
4095 4095 4.520403
4095 4095 4.537856
4095 4095 4.5553093
4095 4095 4.5727625
4095 4095 4.590216
4095 4095 4.6076694
4095 4095 4.6251225
4095 4095 4.6425757
4095 4095 4.660029
4095 4095 4.6774826
4095 4095 4.694936
4095 4095 4.712389
4095 4095 4.729842
4095 4095 4.7472954
4095 4095 4.764749
4095 4095 4.7822022
4095 4095 4.7996554
4095 4095 4.8171086
4095 4095 4.834562
4095 4095 4.8520155
4095 4095 4.8694687
4095 4095 4.886922
4095 4095 4.904375
4095 4095 4.9218283
4095 4095 4.939282
4095 4095 4.956735
4095 4095 4.9741883
4095 4095 4.9916415
4095 4095 5.0090947
4095 4095 5.0265484
4095 4095 5.0440016
4095 4095 5.061455
4095 4095 5.078908
4095 4095 5.0963616
4095 4095 5.113815
4095 4095 5.131268
4095 4095 5.148721
4095 4095 5.1661744
4095 63 5.183628
4095 63 5.2010813
4095 63 5.2185345
4095 63 5.2359877
4095 63 5.253441
4095 63 5.2708945
4095 63 5.2883477
4095 63 5.305801
4095 63 5.323254
4095 63 5.3407073
4095 63 5.358161
4095 63 5.375614
4095 63 5.3930674
4095 63 5.4105206
4095 63 5.4279737
4095 63 5.4454274
4095 63 5.4628806
4095 63 5.480334
4095 63 5.497787
4095 63 5.5152407
4095 63 5.532694
4095 63 5.550147
4095 63 5.5676003
4095 63 5.5850534
4095 63 5.602507
4095 63 5.6199603
4095 4095 5.6374135
4095 4095 5.6548667
4095 4095 5.67232
4095 4095 5.6897736
4095 4095 5.7072268
4095 4095 5.72468
4095 4095 5.742133
4095 4095 5.7595863
4095 4095 5.77704
4095 4095 5.794493
4095 4095 5.8119464
4095 4095 5.8293996
4095 4095 5.846853
4095 4095 5.8643064
4095 4095 5.8817596
4095 4095 5.899213
4095 4095 5.916666
4095 4095 5.934119
4095 4095 5.951573
4095 4095 5.969026
4095 4095 5.9864793
4095 4095 6.0039325
4095 4095 6.021386
4095 4095 6.0388393
4095 4095 6.0562925
4095 4095 6.0737457
4095 4095 6.091199
4095 4095 6.1086526
4095 4095 6.126106
4095 4095 6.143559
4095 4095 6.161012
4095 4095 6.1784654
4095 4095 6.195919
4095 4095 6.213372
4095 4095 6.2308254
4095 4095 6.2482786
4095 4095 6.265732
4095 4095 6.2831855
4032 4032 0.0
4032 4032 0.017453292
4032 4032 0.034906585
4032 4032 0.05235988
4032 4032 0.06981317
4032 4032 0.08726646
4032 4032 0.10471976
4032 4032 0.12217305
4032 4032 0.13962634
4032 4032 0.15707964
4032 4032 0.17453292
4032 4032 0.19198622
4032 4032 0.20943952
4032 4032 0.2268928
4032 4032 0.2443461
4032 4032 0.2617994
4032 4032 0.27925268
4032 4032 0.29670596
4032 4032 0.31415927
4032 4032 0.33161256
4032 4032 0.34906584
4032 4032 0.36651915
4032 4032 0.38397244
4032 4032 0.40142572
4032 4032 0.41887903
4032 4032 0.43633232
4032 4032 0.4537856
4032 4095 0.4712389
4032 4095 0.4886922
4032 4095 0.5061455
4032 4095 0.5235988
4032 4095 0.54105204
4032 4095 0.55850536
4032 4095 0.57595867
4032 4095 0.5934119
4032 4095 0.61086524
4032 4095 0.62831855
4032 4095 0.6457718
4032 4095 0.6632251
4032 4095 0.6806784
4032 4095 0.6981317
4032 4095 0.715585
4032 4095 0.7330383
4032 4095 0.75049156
4032 4095 0.7679449
4032 4095 0.7853982
4032 4095 0.80285144
4032 4095 0.82030475
4032 4095 0.83775806
4032 4095 0.8552113
4032 4095 0.87266463
4032 4095 0.89011794
4032 4095 0.9075712
4032 4032 0.9250245
4032 4032 0.9424778
4032 4032 0.9599311
4032 4032 0.9773844
4032 4032 0.9948377
4032 4032 1.012291
4032 4032 1.0297443
4032 4032 1.0471976
4032 4032 1.0646509
4032 4032 1.0821041
4032 4032 1.0995574
4032 4032 1.1170107
4032 4032 1.134464
4032 4032 1.1519173
4032 4032 1.1693707
4032 4032 1.1868238
4032 4032 1.2042772
4032 4032 1.2217305
4032 4032 1.2391838
4032 4032 1.2566371
4032 4032 1.2740904
4032 4032 1.2915436
4032 4032 1.3089969
4032 4032 1.3264502
4032 4032 1.3439035
4032 4032 1.3613569
4032 4032 1.3788102
4032 4032 1.3962634
4032 4032 1.4137167
4032 4032 1.43117
4032 4032 1.4486233
4032 4032 1.4660766
4032 4032 1.4835298
4032 4032 1.5009831
4032 4032 1.5184364
4032 4032 1.5358897
4032 4032 1.553343
4032 4032 1.5707964
4032 4032 1.5882496
4032 4032 1.6057029
4032 4032 1.6231562
4032 4032 1.6406095
4032 4032 1.6580628
4032 4032 1.6755161
4032 4032 1.6929693
4032 4032 1.7104226
4032 4032 1.727876
4032 4032 1.7453293
4032 4032 1.7627826
4032 4032 1.7802359
4032 4032 1.7976891
4032 4032 1.8151424
4032 4032 1.8325957
4032 4032 1.850049
4032 4032 1.8675023
4032 4032 1.8849556
4032 4032 1.9024088
4032 4032 1.9198622
4032 4032 1.9373155
4032 4032 1.9547688
4032 4032 1.9722221
4032 4032 1.9896754
4032 4032 2.0071287
4032 4032 2.024582
4032 4032 2.0420353
4032 4032 2.0594885
4032 4032 2.0769417
4032 4032 2.0943952
4032 4032 2.1118484
4032 4032 2.1293018
4032 4032 2.146755
4032 4032 2.1642082
4032 4032 2.1816616
4032 4032 2.1991148
4032 4032 2.2165682
4032 4032 2.2340214
4032 4032 2.2514746
4032 4032 2.268928
4032 4032 2.2863812
4032 4032 2.3038347
4032 4032 2.3212879
4032 4032 2.3387413
4032 4032 2.3561945
4032 4032 2.3736477
4032 4032 2.3911011
4032 4032 2.4085543
4032 4032 2.4260077
4032 4032 2.443461
4032 4032 2.4609141
4032 4032 2.4783676
4032 4032 2.4958208
4032 4032 2.5132742
4032 4032 2.5307274
4032 4032 2.5481808
4032 4032 2.565634
4032 4032 2.5830872
4032 4032 2.6005406
4032 4032 2.6179938
4032 4032 2.6354473
4032 4032 2.6529005
4032 4032 2.6703537
4032 4032 2.687807
4032 4032 2.7052603
4032 4032 2.7227137
4032 4032 2.740167
4032 4032 2.7576203
4032 4032 2.7750735
4032 4032 2.7925267
4032 4032 2.8099802
4032 4032 2.8274333
4032 4032 2.8448868
4032 4032 2.86234
4032 4032 2.8797932
4032 4032 2.8972466
4032 4032 2.9146998
4032 4032 2.9321532
4032 4032 2.9496064
4032 4032 2.9670596
4032 4032 2.984513
4032 4032 3.0019662
4032 4032 3.0194197
4032 4032 3.0368729
4032 4032 3.0543263
4032 4032 3.0717795
4032 4032 3.0892327
4032 4032 3.106686
4032 4032 3.1241393
4032 4032 3.1415927
4032 4032 3.159046
4032 4032 3.1764991
4032 4032 3.1939526
4032 4032 3.2114058
4032 4032 3.2288592
4032 4032 3.2463124
4032 4032 3.2637658
4032 4032 3.281219
4032 4032 3.2986722
4032 4032 3.3161256
4032 4032 3.3335788
4032 4032 3.3510323
4032 4032 3.3684855
4032 4032 3.3859386
4032 4032 3.403392
4032 4032 3.4208453
4032 4032 3.4382987
4032 4032 3.455752
4032 4032 3.4732053
4032 4032 3.4906585
4032 4032 3.5081117
4032 4032 3.5255651
4032 4032 3.5430183
4032 4032 3.5604718
4032 4032 3.577925
4032 4032 3.5953782
4032 4032 3.6128316
4032 4032 3.6302848
4032 4032 3.6477382
4032 4032 3.6651914
4032 4032 3.6826446
4032 4032 3.700098
4032 4032 3.7175512
4032 4032 3.7350047
4032 4032 3.7524579
4032 4032 3.7699113
4032 4032 3.7873645
4032 0 3.8048177
4032 0 3.822271
4032 0 3.8397243
4032 0 3.8571777
4032 0 3.874631
4032 0 3.8920841
4032 0 3.9095376
4032 0 3.9269907
4032 0 3.9444442
4032 0 3.9618974
4032 0 3.9793508
4032 0 3.996804
4032 0 4.0142574
4032 0 4.0317106
4032 0 4.049164
4032 0 4.066617
4032 0 4.0840707
4032 0 4.101524
4032 0 4.118977
4032 0 4.1364303
4032 0 4.1538835
4032 0 4.171337
4032 0 4.1887903
4032 0 4.2062435
4032 0 4.2236967
4032 0 4.24115
4032 4032 4.2586036
4032 4032 4.276057
4032 4032 4.29351
4032 4032 4.310963
4032 4032 4.3284163
4032 4032 4.34587
4032 4032 4.363323
4032 4032 4.3807764
4032 4032 4.3982296
4032 4032 4.415683
4032 4032 4.4331365
4032 4032 4.4505897
4032 4032 4.468043
4032 4032 4.485496
4032 4032 4.502949
4032 4032 4.520403
4032 4032 4.537856
4032 4032 4.5553093
4032 4032 4.5727625
4032 4032 4.590216
4032 4032 4.6076694
4032 4032 4.6251225
4032 4032 4.6425757
4032 4032 4.660029
4032 4032 4.6774826
4032 4032 4.694936
4032 4032 4.712389
4032 4032 4.729842
4032 4032 4.7472954
4032 4032 4.764749
4032 4032 4.7822022
4032 4032 4.7996554
4032 4032 4.8171086
4032 4032 4.834562
4032 4032 4.8520155
4032 4032 4.8694687
4032 4032 4.886922
4032 4032 4.904375
4032 4032 4.9218283
4032 4032 4.939282
4032 4032 4.956735
4032 4032 4.9741883
4032 4032 4.9916415
4032 4032 5.0090947
4032 4032 5.0265484
4032 4032 5.0440016
4032 4032 5.061455
4032 4032 5.078908
4032 4032 5.0963616
4032 4032 5.113815
4032 4032 5.131268
4032 4032 5.148721
4032 4032 5.1661744
4032 4032 5.183628
4032 4032 5.2010813
4032 4032 5.2185345
4032 4032 5.2359877
4032 4032 5.253441
4032 4032 5.2708945
4032 4032 5.2883477
4032 4032 5.305801
4032 4032 5.323254
4032 4032 5.3407073
4032 4032 5.358161
4032 4032 5.375614
4032 4032 5.3930674
4032 4032 5.4105206
4032 4032 5.4279737
4032 4032 5.4454274
4032 4032 5.4628806
4032 4032 5.480334
4032 4032 5.497787
4032 4032 5.5152407
4032 4032 5.532694
4032 4032 5.550147
4032 4032 5.5676003
4032 4032 5.5850534
4032 4032 5.602507
4032 4032 5.6199603
4032 4032 5.6374135
4032 4032 5.6548667
4032 4032 5.67232
4032 4032 5.6897736
4032 4032 5.7072268
4032 4032 5.72468
4032 4032 5.742133
4032 4032 5.7595863
4032 4032 5.77704
4032 4032 5.794493
4032 4032 5.8119464
4032 4032 5.8293996
4032 4032 5.846853
4032 4032 5.8643064
4032 4032 5.8817596
4032 4032 5.899213
4032 4032 5.916666
4032 4032 5.934119
4032 4032 5.951573
4032 4032 5.969026
4032 4032 5.9864793
4032 4032 6.0039325
4032 4032 6.021386
4032 4032 6.0388393
4032 4032 6.0562925
4032 4032 6.0737457
4032 4032 6.091199
4032 4032 6.1086526
4032 4032 6.126106
4032 4032 6.143559
4032 4032 6.161012
4032 4032 6.1784654
4032 4032 6.195919
4032 4032 6.213372
4032 4032 6.2308254
4032 4032 6.2482786
4032 4032 6.265732
4032 4032 6.2831855
63 63 0.0
63 63 0.017453292
63 63 0.034906585
63 63 0.05235988
63 63 0.06981317
63 63 0.08726646
63 63 0.10471976
63 63 0.12217305
63 63 0.13962634
63 63 0.15707964
63 63 0.17453292
63 63 0.19198622
63 63 0.20943952
63 63 0.2268928
63 63 0.2443461
63 63 0.2617994
63 63 0.27925268
63 63 0.29670596
63 63 0.31415927
63 63 0.33161256
63 63 0.34906584
63 63 0.36651915
63 63 0.38397244
63 63 0.40142572
63 63 0.41887903
63 63 0.43633232
63 63 0.4537856
63 63 0.4712389
63 63 0.4886922
63 63 0.5061455
63 63 0.5235988
63 63 0.54105204
63 63 0.55850536
63 63 0.57595867
63 63 0.5934119
63 63 0.61086524
63 63 0.62831855
63 63 0.6457718
63 63 0.6632251
63 4095 0.6806784
63 4095 0.6981317
63 4095 0.715585
63 4095 0.7330383
63 4095 0.75049156
63 4095 0.7679449
63 4095 0.7853982
63 4095 0.80285144
63 4095 0.82030475
63 4095 0.83775806
63 4095 0.8552113
63 4095 0.87266463
63 4095 0.89011794
63 4095 0.9075712
63 4095 0.9250245
63 4095 0.9424778
63 4095 0.9599311
63 4095 0.9773844
63 4095 0.9948377
63 4095 1.012291
63 4095 1.0297443
63 4095 1.0471976
63 4095 1.0646509
63 4095 1.0821041
63 4095 1.0995574
63 63 1.1170107
63 63 1.134464
63 63 1.1519173
63 63 1.1693707
63 63 1.1868238
63 63 1.2042772
63 63 1.2217305
63 63 1.2391838
63 63 1.2566371
63 63 1.2740904
63 63 1.2915436
63 63 1.3089969
63 63 1.3264502
63 63 1.3439035
63 63 1.3613569
63 63 1.3788102
63 63 1.3962634
63 63 1.4137167
63 63 1.43117
63 63 1.4486233
63 63 1.4660766
63 63 1.4835298
63 63 1.5009831
63 63 1.5184364
63 63 1.5358897
63 63 1.553343
63 63 1.5707964
63 63 1.5882496
63 63 1.6057029
63 63 1.6231562
63 63 1.6406095
63 63 1.6580628
63 63 1.6755161
63 63 1.6929693
63 63 1.7104226
63 63 1.727876
63 63 1.7453293
63 63 1.7627826
63 63 1.7802359
63 63 1.7976891
63 63 1.8151424
63 63 1.8325957
63 63 1.850049
63 63 1.8675023
63 63 1.8849556
63 63 1.9024088
63 63 1.9198622
63 63 1.9373155
63 63 1.9547688
63 63 1.9722221
63 63 1.9896754
63 63 2.0071287
63 63 2.024582
63 63 2.0420353
63 63 2.0594885
63 63 2.0769417
63 63 2.0943952
63 63 2.1118484
63 63 2.1293018
63 63 2.146755
63 63 2.1642082
63 63 2.1816616
63 63 2.1991148
63 63 2.2165682
63 63 2.2340214
63 63 2.2514746
63 63 2.268928
63 63 2.2863812
63 63 2.3038347
63 63 2.3212879
63 63 2.3387413
63 63 2.3561945
63 63 2.3736477
63 63 2.3911011
63 63 2.4085543
63 63 2.4260077
63 63 2.443461
63 63 2.4609141
63 63 2.4783676
63 63 2.4958208
63 63 2.5132742
63 63 2.5307274
63 63 2.5481808
63 63 2.565634
63 63 2.5830872
63 63 2.6005406
63 63 2.6179938
63 63 2.6354473
63 63 2.6529005
63 63 2.6703537
63 63 2.687807
63 63 2.7052603
63 63 2.7227137
63 63 2.740167
63 63 2.7576203
63 63 2.7750735
63 63 2.7925267
63 63 2.8099802
63 63 2.8274333
63 63 2.8448868
63 63 2.86234
63 63 2.8797932
63 63 2.8972466
63 63 2.9146998
63 63 2.9321532
63 63 2.9496064
63 63 2.9670596
63 63 2.984513
63 63 3.0019662
63 63 3.0194197
63 63 3.0368729
63 63 3.0543263
63 63 3.0717795
63 63 3.0892327
63 63 3.106686
63 63 3.1241393
63 63 3.1415927
63 63 3.159046
63 63 3.1764991
63 63 3.1939526
63 63 3.2114058
63 63 3.2288592
63 63 3.2463124
63 63 3.2637658
63 63 3.281219
63 63 3.2986722
63 63 3.3161256
63 63 3.3335788
63 63 3.3510323
63 63 3.3684855
63 63 3.3859386
63 63 3.403392
63 63 3.4208453
63 63 3.4382987
63 63 3.455752
63 63 3.4732053
63 63 3.4906585
63 63 3.5081117
63 63 3.5255651
63 63 3.5430183
63 63 3.5604718
63 63 3.577925
63 63 3.5953782
63 0 3.6128316
63 0 3.6302848
63 0 3.6477382
63 0 3.6651914
63 0 3.6826446
63 0 3.700098
63 0 3.7175512
63 0 3.7350047
63 0 3.7524579
63 0 3.7699113
63 0 3.7873645
63 0 3.8048177
63 0 3.822271
63 0 3.8397243
63 0 3.8571777
63 0 3.874631
63 0 3.8920841
63 0 3.9095376
63 0 3.9269907
63 0 3.9444442
63 0 3.9618974
63 0 3.9793508
63 0 3.996804
63 0 4.0142574
63 0 4.0317106
63 0 4.049164
63 63 4.066617
63 63 4.0840707
63 63 4.101524
63 63 4.118977
63 63 4.1364303
63 63 4.1538835
63 63 4.171337
63 63 4.1887903
63 63 4.2062435
63 63 4.2236967
63 63 4.24115
63 63 4.2586036
63 63 4.276057
63 63 4.29351
63 63 4.310963
63 63 4.3284163
63 63 4.34587
63 63 4.363323
63 63 4.3807764
63 63 4.3982296
63 63 4.415683
63 63 4.4331365
63 63 4.4505897
63 63 4.468043
63 63 4.485496
63 63 4.502949
63 63 4.520403
63 63 4.537856
63 63 4.5553093
63 63 4.5727625
63 63 4.590216
63 63 4.6076694
63 63 4.6251225
63 63 4.6425757
63 63 4.660029
63 63 4.6774826
63 63 4.694936
63 63 4.712389
63 63 4.729842
63 63 4.7472954
63 63 4.764749
63 63 4.7822022
63 63 4.7996554
63 63 4.8171086
63 63 4.834562
63 63 4.8520155
63 63 4.8694687
63 63 4.886922
63 63 4.904375
63 63 4.9218283
63 63 4.939282
63 63 4.956735
63 63 4.9741883
63 63 4.9916415
63 63 5.0090947
63 63 5.0265484
63 63 5.0440016
63 63 5.061455
63 63 5.078908
63 63 5.0963616
63 63 5.113815
63 63 5.131268
63 63 5.148721
63 63 5.1661744
63 63 5.183628
63 63 5.2010813
63 63 5.2185345
63 63 5.2359877
63 63 5.253441
63 63 5.2708945
63 63 5.2883477
63 63 5.305801
63 63 5.323254
63 63 5.3407073
63 63 5.358161
63 63 5.375614
63 63 5.3930674
63 63 5.4105206
63 63 5.4279737
63 63 5.4454274
63 63 5.4628806
63 63 5.480334
63 63 5.497787
63 63 5.5152407
63 63 5.532694
63 63 5.550147
63 63 5.5676003
63 63 5.5850534
63 63 5.602507
63 63 5.6199603
63 63 5.6374135
63 63 5.6548667
63 63 5.67232
63 63 5.6897736
63 63 5.7072268
63 63 5.72468
63 63 5.742133
63 63 5.7595863
63 63 5.77704
63 63 5.794493
63 63 5.8119464
63 63 5.8293996
63 63 5.846853
63 63 5.8643064
63 63 5.8817596
63 63 5.899213
63 63 5.916666
63 63 5.934119
63 63 5.951573
63 63 5.969026
63 63 5.9864793
63 63 6.0039325
63 63 6.021386
63 63 6.0388393
63 63 6.0562925
63 63 6.0737457
63 63 6.091199
63 63 6.1086526
63 63 6.126106
63 63 6.143559
63 63 6.161012
63 63 6.1784654
63 63 6.195919
63 63 6.213372
63 63 6.2308254
63 63 6.2482786
63 63 6.265732
63 63 6.2831855
0 0 0.0
0 0 0.017453292
0 0 0.034906585
0 0 0.05235988
0 0 0.06981317
0 0 0.08726646
0 0 0.10471976
0 0 0.12217305
0 0 0.13962634
0 0 0.15707964
0 0 0.17453292
0 0 0.19198622
0 0 0.20943952
0 0 0.2268928
0 0 0.2443461
0 0 0.2617994
0 0 0.27925268
0 0 0.29670596
0 0 0.31415927
0 0 0.33161256
0 0 0.34906584
0 0 0.36651915
0 0 0.38397244
0 0 0.40142572
0 0 0.41887903
0 0 0.43633232
0 0 0.4537856
0 0 0.4712389
0 0 0.4886922
0 0 0.5061455
0 0 0.5235988
0 0 0.54105204
0 0 0.55850536
0 0 0.57595867
0 0 0.5934119
0 0 0.61086524
0 0 0.62831855
0 0 0.6457718
0 0 0.6632251
0 0 0.6806784
0 0 0.6981317
0 0 0.715585
0 0 0.7330383
0 0 0.75049156
0 0 0.7679449
0 0 0.7853982
0 0 0.80285144
0 0 0.82030475
0 0 0.83775806
0 0 0.8552113
0 0 0.87266463
0 0 0.89011794
0 0 0.9075712
0 0 0.9250245
0 0 0.9424778
0 0 0.9599311
0 0 0.9773844
0 0 0.9948377
0 0 1.012291
0 0 1.0297443
0 0 1.0471976
0 0 1.0646509
0 0 1.0821041
0 0 1.0995574
0 0 1.1170107
0 0 1.134464
0 0 1.1519173
0 0 1.1693707
0 0 1.1868238
0 0 1.2042772
0 0 1.2217305
0 0 1.2391838
0 0 1.2566371
0 0 1.2740904
0 0 1.2915436
0 0 1.3089969
0 0 1.3264502
0 0 1.3439035
0 0 1.3613569
0 0 1.3788102
0 0 1.3962634
0 0 1.4137167
0 0 1.43117
0 0 1.4486233
0 0 1.4660766
0 0 1.4835298
0 0 1.5009831
0 0 1.5184364
0 0 1.5358897
0 0 1.553343
0 0 1.5707964
0 0 1.5882496
0 0 1.6057029
0 0 1.6231562
0 0 1.6406095
0 0 1.6580628
0 0 1.6755161
0 0 1.6929693
0 0 1.7104226
0 0 1.727876
0 0 1.7453293
0 0 1.7627826
0 0 1.7802359
0 0 1.7976891
0 0 1.8151424
0 0 1.8325957
0 0 1.850049
0 0 1.8675023
0 0 1.8849556
0 0 1.9024088
0 0 1.9198622
0 0 1.9373155
0 0 1.9547688
0 0 1.9722221
0 0 1.9896754
0 0 2.0071287
0 0 2.024582
0 4032 2.0420353
0 4032 2.0594885
0 4032 2.0769417
0 4032 2.0943952
0 4032 2.1118484
0 4032 2.1293018
0 4032 2.146755
0 4032 2.1642082
0 4032 2.1816616
0 4032 2.1991148
0 4032 2.2165682
0 4032 2.2340214
0 4032 2.2514746
0 4032 2.268928
0 4032 2.2863812
0 4032 2.3038347
0 4032 2.3212879
0 4032 2.3387413
0 4032 2.3561945
0 4032 2.3736477
0 4032 2.3911011
0 4032 2.4085543
0 4032 2.4260077
0 4032 2.443461
0 4032 2.4609141
0 4032 2.4783676
0 0 2.4958208
0 0 2.5132742
0 0 2.5307274
0 0 2.5481808
0 0 2.565634
0 0 2.5830872
0 0 2.6005406
0 0 2.6179938
0 0 2.6354473
0 0 2.6529005
0 0 2.6703537
0 0 2.687807
0 0 2.7052603
0 0 2.7227137
0 0 2.740167
0 0 2.7576203
0 0 2.7750735
0 0 2.7925267
0 0 2.8099802
0 0 2.8274333
0 0 2.8448868
0 0 2.86234
0 0 2.8797932
0 0 2.8972466
0 0 2.9146998
0 0 2.9321532
0 0 2.9496064
0 0 2.9670596
0 0 2.984513
0 0 3.0019662
0 0 3.0194197
0 0 3.0368729
0 0 3.0543263
0 0 3.0717795
0 0 3.0892327
0 0 3.106686
0 0 3.1241393
0 0 3.1415927
0 0 3.159046
0 0 3.1764991
0 0 3.1939526
0 0 3.2114058
0 0 3.2288592
0 0 3.2463124
0 0 3.2637658
0 0 3.281219
0 0 3.2986722
0 0 3.3161256
0 0 3.3335788
0 0 3.3510323
0 0 3.3684855
0 0 3.3859386
0 0 3.403392
0 0 3.4208453
0 0 3.4382987
0 0 3.455752
0 0 3.4732053
0 0 3.4906585
0 0 3.5081117
0 0 3.5255651
0 0 3.5430183
0 0 3.5604718
0 0 3.577925
0 0 3.5953782
0 0 3.6128316
0 0 3.6302848
0 0 3.6477382
0 0 3.6651914
0 0 3.6826446
0 0 3.700098
0 0 3.7175512
0 0 3.7350047
0 0 3.7524579
0 0 3.7699113
0 0 3.7873645
0 0 3.8048177
0 0 3.822271
0 0 3.8397243
0 0 3.8571777
0 0 3.874631
0 0 3.8920841
0 0 3.9095376
0 0 3.9269907
0 0 3.9444442
0 0 3.9618974
0 0 3.9793508
0 0 3.996804
0 0 4.0142574
0 0 4.0317106
0 0 4.049164
0 0 4.066617
0 0 4.0840707
0 0 4.101524
0 0 4.118977
0 0 4.1364303
0 0 4.1538835
0 0 4.171337
0 0 4.1887903
0 0 4.2062435
0 0 4.2236967
0 0 4.24115
0 0 4.2586036
0 0 4.276057
0 0 4.29351
0 0 4.310963
0 0 4.3284163
0 0 4.34587
0 0 4.363323
0 0 4.3807764
0 0 4.3982296
0 0 4.415683
0 0 4.4331365
0 0 4.4505897
0 0 4.468043
0 0 4.485496
0 0 4.502949
0 0 4.520403
0 0 4.537856
0 0 4.5553093
0 0 4.5727625
0 0 4.590216
0 0 4.6076694
0 0 4.6251225
0 0 4.6425757
0 0 4.660029
0 0 4.6774826
0 0 4.694936
0 0 4.712389
0 0 4.729842
0 0 4.7472954
0 0 4.764749
0 0 4.7822022
0 0 4.7996554
0 0 4.8171086
0 0 4.834562
0 0 4.8520155
0 0 4.8694687
0 0 4.886922
0 0 4.904375
0 0 4.9218283
0 0 4.939282
0 0 4.956735
0 0 4.9741883
0 0 4.9916415
0 0 5.0090947
0 0 5.0265484
0 0 5.0440016
0 0 5.061455
0 0 5.078908
0 0 5.0963616
0 0 5.113815
0 0 5.131268
0 0 5.148721
0 0 5.1661744
0 0 5.183628
0 0 5.2010813
0 0 5.2185345
0 0 5.2359877
0 0 5.253441
0 0 5.2708945
0 0 5.2883477
0 0 5.305801
0 0 5.323254
0 0 5.3407073
0 0 5.358161
0 63 5.375614
0 63 5.3930674
0 63 5.4105206
0 63 5.4279737
0 63 5.4454274
0 63 5.4628806
0 63 5.480334
0 63 5.497787
0 63 5.5152407
0 63 5.532694
0 63 5.550147
0 63 5.5676003
0 63 5.5850534
0 63 5.602507
0 63 5.6199603
0 63 5.6374135
0 63 5.6548667
0 63 5.67232
0 63 5.6897736
0 63 5.7072268
0 63 5.72468
0 63 5.742133
0 63 5.7595863
0 63 5.77704
0 63 5.794493
0 63 5.8119464
0 0 5.8293996
0 0 5.846853
0 0 5.8643064
0 0 5.8817596
0 0 5.899213
0 0 5.916666
0 0 5.934119
0 0 5.951573
0 0 5.969026
0 0 5.9864793
0 0 6.0039325
0 0 6.021386
0 0 6.0388393
0 0 6.0562925
0 0 6.0737457
0 0 6.091199
0 0 6.1086526
0 0 6.126106
0 0 6.143559
0 0 6.161012
0 0 6.1784654
0 0 6.195919
0 0 6.213372
0 0 6.2308254
0 0 6.2482786
0 0 6.265732
0 0 6.2831855
